1.000000 0.581921 1.314050 1.641509 0.000000 1.372881 1.592593 0.290323 1.568807 
1.000000 0.581921 1.314050 1.641509 0.000000 1.372881 1.592593 0.290323 1.568807 
0.571429 3.489796 0.100000 0.000000 1.750000 0.100000 0.401274 2.928571 0.571429 
0.500000 0.666667 2.478261 0.000000 0.297297 1.400000 1.123894 1.526316 0.333333 
0.472393 0.578947 2.157895 0.170732 0.666667 2.037975 0.428571 0.269841 2.428571 
0.010830 1.258065 1.314050 0.830065 0.222707 1.333333 0.530055 0.656805 2.589744 
1.758621 0.538462 0.437126 0.568627 0.481481 1.142857 0.454545 0.363636 1.891566 
0.818182 0.575758 0.397849 3.561404 0.485714 1.015504 1.954545 0.287129 1.857143 
0.538462 0.556886 3.727273 0.000000 0.793103 0.361257 0.192661 1.241379 0.000000 
1.342342 0.502890 1.888889 0.940298 1.321429 1.574257 2.466667 0.226415 1.857143 
1.452830 0.529412 1.452830 1.407407 0.485714 2.823529 0.262136 0.333333 1.342342 
0.497326 0.696970 1.545455 1.718447 0.000000 1.043796 1.916667 0.346154 1.105263 
0.057692 0.571429 5.470588 0.000000 0.157895 1.820513 0.375000 1.588235 1.156863 
0.052632 0.618497 2.043478 0.000000 0.191489 1.276423 0.904762 1.413793 0.250000 
0.048689 0.538462 1.857143 0.040892 0.530055 1.828283 0.372549 0.314554 1.718447 
0.000000 0.352657 4.185185 0.505376 0.352657 1.500000 0.521739 0.891892 1.641509 
0.190476 1.189781 0.530612 0.255230 0.612903 0.840491 0.435407 0.492537 0.898734 
0.327014 0.783440 0.497326 2.373494 0.473684 0.854305 1.947368 0.359223 1.121212 
0.339713 0.590909 3.179105 0.007194 1.222222 0.142857 1.089552 0.217391 0.000000 
0.315789 0.785714 1.654867 0.435407 1.608696 1.040816 1.857143 0.265823 1.272727 
0.442308 0.648352 1.608696 0.807229 0.515152 2.260870 0.304348 0.507538 0.595745 
1.745098 1.276423 2.888889 12.333333 0.000000 3.912281 4.000000 0.717791 3.912281 
0.983471 20.818182 0.200000 0.000000 11.000000 0.200000 0.777778 20.818182 1.181818 
0.969697 1.988506 3.642857 0.003861 1.131148 1.653061 2.714286 3.727273 0.677419 
0.870504 1.549020 3.126984 0.319797 1.708333 3.000000 0.805556 0.677419 11.380953 
0.068702 3.307692 2.456790 2.076923 0.564246 2.888889 0.656805 0.958042 4.833333 
3.262295 1.407407 0.843972 1.080000 1.047244 1.795699 0.818182 0.818182 5.190476 
1.031250 1.280702 0.843972 42.333332 0.843972 1.988506 4.098039 0.614907 3.905660 
1.184874 1.363636 42.333332 0.000000 1.260870 1.031250 0.361257 4.306122 0.023622 
2.010753 1.014388 3.516129 1.500000 3.375000 2.218391 7.484848 0.505376 5.829268 
